-3.14159 0 2.4834
-3.1353 3.55698e-05 2.48339
-3.12901 0.000142278 2.48336
-3.12272 0.00032012 2.48331
-3.11643 0.000569089 2.48323
-3.11015 0.000889175 2.48314
-3.10386 0.00128037 2.48302
-3.09757 0.00174264 2.48288
-3.09128 0.00227599 2.48272
-3.08499 0.00288039 2.48253
-3.0787 0.00355582 2.48233
-3.07241 0.00430224 2.4821
-3.06612 0.00511963 2.48186
-3.05983 0.00600796 2.48159
-3.05354 0.00696718 2.4813
-3.04725 0.00799727 2.48099
-3.04096 0.00909819 2.48066
-3.03467 0.0102699 2.4803
-3.02838 0.0115123 2.47993
-3.02209 0.0128254 2.47953
-3.0158 0.0142091 2.47911
-3.00951 0.0156634 2.47867
-3.00322 0.0171883 2.47821
-2.99693 0.0187835 2.47773
-2.99065 0.0204492 2.47723
-2.98436 0.0221852 2.4767
-2.97807 0.0239915 2.47616
-2.97178 0.0258679 2.47559
-2.96549 0.0278145 2.475
-2.9592 0.0298311 2.47439
-2.95291 0.0319176 2.47376
-2.94662 0.034074 2.47311
-2.94033 0.0363002 2.47244
-2.93404 0.0385961 2.47174
-2.92775 0.0409616 2.47103
-2.92146 0.0433966 2.47029
-2.91517 0.045901 2.46954
-2.90888 0.0484748 2.46876
-2.90259 0.0511177 2.46796
-2.8963 0.0538298 2.46714
-2.89001 0.0566108 2.4663
-2.88372 0.0594608 2.46544
-2.87743 0.0623795 2.46456
-2.87115 0.0653669 2.46366
-2.86486 0.0684228 2.46273
-2.85857 0.0715471 2.46179
-2.85228 0.0747397 2.46082
-2.84599 0.0780005 2.45984
-2.8397 0.0813294 2.45883
-2.83341 0.0847261 2.45781
-2.82712 0.0881906 2.45676
-2.82083 0.0917228 2.45569
-2.81454 0.0953224 2.45461
-2.80825 0.0989894 2.4535
-2.80196 0.102724 2.45237
-2.79567 0.106525 2.45122
-2.78938 0.110393 2.45005
-2.78309 0.114328 2.44886
-2.7768 0.118329 2.44766
-2.77051 0.122397 2.44643
-2.76422 0.126531 2.44518
-2.75793 0.130732 2.44391
-2.75165 0.134998 2.44262
-2.74536 0.13933 2.44131
-2.73907 0.143727 2.43998
-2.73278 0.14819 2.43864
-2.72649 0.152719 2.43727
-2.7202 0.157312 2.43588
-2.71391 0.16197 2.43447
-2.70762 0.166693 2.43305
-2.70133 0.17148 2.4316
-2.69504 0.176332 2.43014
-2.68875 0.181248 2.42865
-2.68246 0.186228 2.42715
-2.67617 0.191271 2.42562
-2.66988 0.196378 2.42408
-2.66359 0.201549 2.42252
-2.6573 0.206782 2.42094
-2.65101 0.212078 2.41934
-2.64472 0.217437 2.41772
-2.63843 0.222859 2.41609
-2.63215 0.228343 2.41443
-2.62586 0.233889 2.41275
-2.61957 0.239496 2.41106
-2.61328 0.245165 2.40935
-2.60699 0.250896 2.40762
-2.6007 0.256688 2.40587
-2.59441 0.262541 2.4041
-2.58812 0.268454 2.40232
-2.58183 0.274428 2.40051
-2.57554 0.280462 2.39869
-2.56925 0.286556 2.39685
-2.56296 0.29271 2.39499
-2.55667 0.298923 2.39312
-2.55038 0.305195 2.39123
-2.54409 0.311527 2.38931
-2.5378 0.317917 2.38738
-2.53151 0.324366 2.38544
-2.52522 0.330872 2.38347
-2.51893 0.337437 2.38149
-2.51265 0.34406 2.37949
-2.50636 0.35074 2.37748
-2.50007 0.357477 2.37544
-2.49378 0.364271 2.37339
-2.48749 0.371121 2.37132
-2.4812 0.378028 2.36924
-2.47491 0.384991 2.36714
-2.46862 0.39201 2.36502
-2.46233 0.399084 2.36289
-2.45604 0.406214 2.36073
-2.44975 0.413398 2.35857
-2.44346 0.420637 2.35638
-2.43717 0.427931 2.35418
-2.43088 0.435278 2.35196
-2.42459 0.44268 2.34973
-2.4183 0.450134 2.34748
-2.41201 0.457642 2.34522
-2.40572 0.465203 2.34294
-2.39943 0.472817 2.34064
-2.39315 0.480482 2.33833
-2.38686 0.4882 2.336
-2.38057 0.495969 2.33365
-2.37428 0.50379 2.3313
-2.36799 0.511661 2.32892
-2.3617 0.519584 2.32653
-2.35541 0.527557 2.32413
-2.34912 0.535579 2.32171
-2.34283 0.543652 2.31927
-2.33654 0.551774 2.31682
-2.33025 0.559945 2.31436
-2.32396 0.568165 2.31188
-2.31767 0.576433 2.30939
-2.31138 0.584749 2.30688
-2.30509 0.593113 2.30436
-2.2988 0.601525 2.30182
-2.29251 0.609983 2.29927
-2.28622 0.618488 2.29671
-2.27993 0.62704 2.29413
-2.27365 0.635638 2.29154
-2.26736 0.644281 2.28894
-2.26107 0.65297 2.28632
-2.25478 0.661704 2.28369
-2.24849 0.670482 2.28104
-2.2422 0.679305 2.27838
-2.23591 0.688172 2.27571
-2.22962 0.697082 2.27303
-2.22333 0.706035 2.27033
-2.21704 0.715031 2.26762
-2.21075 0.72407 2.2649
-2.20446 0.733151 2.26217
-2.19817 0.742273 2.25942
-2.19188 0.751437 2.25666
-2.18559 0.760642 2.25389
-2.1793 0.769887 2.25111
-2.17301 0.779173 2.24831
-2.16672 0.788499 2.2455
-2.16043 0.797864 2.24269
-2.15415 0.807268 2.23986
-2.14786 0.81671 2.23701
-2.14157 0.826191 2.23416
-2.13528 0.83571 2.2313
-2.12899 0.845266 2.22842
-2.1227 0.85486 2.22554
-2.11641 0.86449 2.22264
-2.11012 0.874157 2.21974
-2.10383 0.883859 2.21682
-2.09754 0.893597 2.21389
-2.09125 0.90337 2.21096
-2.08496 0.913178 2.20801
-2.07867 0.923019 2.20505
-2.07238 0.932895 2.20209
-2.06609 0.942804 2.19911
-2.0598 0.952747 2.19612
-2.05351 0.962721 2.19313
-2.04722 0.972728 2.19012
-2.04093 0.982767 2.18711
-2.03465 0.992837 2.18409
-2.02836 1.00294 2.18106
-2.02207 1.01307 2.17802
-2.01578 1.02323 2.17497
-2.00949 1.03342 2.17192
-2.0032 1.04364 2.16885
-1.99691 1.05389 2.16578
-1.99062 1.06417 2.1627
-1.98433 1.07447 2.15962
-1.97804 1.0848 2.15652
-1.97175 1.09516 2.15342
-1.96546 1.10555 2.15031
-1.95917 1.11596 2.1472
-1.95288 1.12639 2.14408
-1.94659 1.13685 2.14095
-1.9403 1.14734 2.13782
-1.93401 1.15785 2.13468
-1.92772 1.16838 2.13153
-1.92143 1.17894 2.12838
-1.91515 1.18951 2.12522
-1.90886 1.20011 2.12206
-1.90257 1.21074 2.11889
-1.89628 1.22138 2.11572
-1.88999 1.23204 2.11255
-1.8837 1.24272 2.10937
-1.87741 1.25342 2.10618
-1.87112 1.26414 2.103
-1.86483 1.27488 2.09981
-1.85854 1.28564 2.09661
-1.85225 1.29641 2.09341
-1.84596 1.3072 2.09022
-1.83967 1.318 2.08701
-1.83338 1.32882 2.08381
-1.82709 1.33966 2.08061
-1.8208 1.3505 2.0774
-1.81451 1.36136 2.07419
-1.80822 1.37224 2.07099
-1.80193 1.38312 2.06778
-1.79565 1.39402 2.06458
-1.78936 1.40492 2.06137
-1.78307 1.41583 2.05817
-1.77678 1.42676 2.05497
-1.77049 1.43768 2.05177
-1.7642 1.44862 2.04858
-1.75791 1.45956 2.04539
-1.75162 1.4705 2.0422
-1.74533 1.48145 2.03902
-1.73904 1.4924 2.03585
-1.73275 1.50335 2.03269
-1.72646 1.5143 2.02953
-1.72017 1.52525 2.02639
-1.71388 1.53619 2.02325
-1.70759 1.54713 2.02013
-1.7013 1.55806 2.01702
-1.69501 1.56898 2.01393
-1.68872 1.57989 2.01086
-1.68243 1.59078 2.00781
-1.67615 1.60166 2.00478
-1.66986 1.61251 2.00178
-1.66357 1.62334 1.9988
-1.65728 1.63415 1.99586
-1.65099 1.64492 1.99295
-1.6447 1.65565 1.99009
-1.63841 1.66634 1.98728
-1.63212 1.67698 1.98452
-1.62583 1.68756 1.98182
-1.61954 1.69807 1.97919
-1.61325 1.7085 1.97664
-1.60696 1.71884 1.97419
-1.60067 1.72907 1.97185
-1.59438 1.73917 1.96964
-1.58809 1.74912 1.96757
-1.5818 1.7589 1.96569
-1.57551 1.76847 1.96401
-1.56922 1.7778 1.96258
-1.56293 1.78683 1.96144
-1.55665 1.79552 1.96065
-1.55036 1.8038 1.96026
-1.54407 1.81159 1.96036
-1.53778 1.81883 1.96101
-1.53149 1.82542 1.9623
-1.5252 1.8313 1.96431
-1.51891 1.8364 1.96709
-1.51262 1.84068 1.97069
-1.50633 1.84413 1.97512
-1.50004 1.84677 1.98036
-1.49375 1.84864 1.98637
-1.48746 1.8498 1.99307
-1.48117 1.85035 2.00038
-1.47488 1.85036 2.00823
-1.46859 1.8499 2.01654
-1.4623 1.84906 2.02524
-1.45601 1.84787 2.03427
-1.44972 1.84641 2.04357
-1.44343 1.84472 2.0531
-1.43714 1.84282 2.06282
-1.43086 1.84076 2.0727
-1.42457 1.83855 2.08272
-1.41828 1.83622 2.09286
-1.41199 1.83379 2.10309
-1.4057 1.83126 2.1134
-1.39941 1.82866 2.12378
-1.39312 1.826 2.13422
-1.38683 1.82327 2.14471
-1.38054 1.8205 2.15524
-1.37425 1.81768 2.1658
-1.36796 1.81482 2.1764
-1.36167 1.81193 2.18701
-1.35538 1.80901 2.19765
-1.34909 1.80607 2.2083
-1.3428 1.8031 2.21897
-1.33651 1.80011 2.22964
-1.33022 1.7971 2.24031
-1.32393 1.79408 2.251
-1.31764 1.79105 2.26168
-1.31136 1.788 2.27236
-1.30507 1.78495 2.28304
-1.29878 1.78188 2.29371
-1.29249 1.77881 2.30438
-1.2862 1.77573 2.31504
-1.27991 1.77265 2.3257
-1.27362 1.76956 2.33634
-1.26733 1.76647 2.34697
-1.26104 1.76337 2.35759
-1.25475 1.76028 2.36819
-1.24846 1.75718 2.37878
-1.24217 1.75409 2.38936
-1.23588 1.75099 2.39992
-1.22959 1.74789 2.41046
-1.2233 1.7448 2.42099
-1.21701 1.74171 2.43149
-1.21072 1.73862 2.44198
-1.20443 1.73553 2.45244
-1.19814 1.73244 2.46289
-1.19186 1.72936 2.47331
-1.18557 1.72629 2.48371
-1.17928 1.72321 2.49409
-1.17299 1.72015 2.50445
-1.1667 1.71708 2.51478
-1.16041 1.71402 2.52508
-1.15412 1.71097 2.53536
-1.14783 1.70792 2.54562
-1.14154 1.70488 2.55585
-1.13525 1.70185 2.56605
-1.12896 1.69882 2.57622
-1.12267 1.6958 2.58637
-1.11638 1.69278 2.59649
-1.11009 1.68978 2.60658
-1.1038 1.68678 2.61664
-1.09751 1.68378 2.62666
-1.09122 1.6808 2.63666
-1.08493 1.67782 2.64663
-1.07864 1.67485 2.65657
-1.07236 1.6719 2.66647
-1.06607 1.66894 2.67634
-1.05978 1.666 2.68618
-1.05349 1.66307 2.69599
-1.0472 1.66015 2.70576
-1.04091 1.65723 2.7155
-1.03462 1.65433 2.7252
-1.02833 1.65143 2.73487
-1.02204 1.64855 2.7445
-1.01575 1.64567 2.7541
-1.00946 1.64281 2.76366
-1.00317 1.63995 2.77318
-0.996882 1.63711 2.78267
-0.990592 1.63428 2.79211
-0.984303 1.63145 2.80152
-0.978013 1.62864 2.8109
-0.971724 1.62584 2.82023
-0.965434 1.62305 2.82952
-0.959145 1.62028 2.83878
-0.952855 1.61751 2.84799
-0.946566 1.61475 2.85716
-0.940276 1.61201 2.8663
-0.933987 1.60928 2.87539
-0.927698 1.60656 2.88444
-0.921408 1.60386 2.89345
-0.915119 1.60116 2.90241
-0.908829 1.59848 2.91133
-0.90254 1.59581 2.92021
-0.89625 1.59316 2.92905
-0.889961 1.59051 2.93784
-0.883671 1.58788 2.94659
-0.877382 1.58527 2.95529
-0.871092 1.58266 2.96395
-0.864803 1.58007 2.97257
-0.858513 1.57749 2.98113
-0.852224 1.57493 2.98965
-0.845934 1.57238 2.99813
-0.839645 1.56984 3.00656
-0.833355 1.56732 3.01494
-0.827066 1.56481 3.02327
-0.820776 1.56232 3.03156
-0.814487 1.55984 3.0398
-0.808198 1.55738 3.04799
-0.801908 1.55492 3.05613
-0.795619 1.55249 3.06422
-0.789329 1.55007 3.07226
-0.78304 1.54766 3.08025
-0.77675 1.54527 3.0882
-0.770461 1.54289 3.09609
-0.764171 1.54053 3.10393
-0.757882 1.53818 3.11172
-0.751592 1.53585 3.11946
-0.745303 1.53354 3.12715
-0.739013 1.53124 3.13478
-0.732724 1.52895 3.14236
-0.726434 1.52668 3.14989
-0.720145 1.52443 3.15737
-0.713855 1.52219 3.1648
-0.707566 1.51997 3.17217
-0.701276 1.51777 3.17948
-0.694987 1.51558 3.18675
-0.688697 1.5134 3.19395
-0.682408 1.51125 3.20111
-0.676119 1.50911 3.20821
-0.669829 1.50698 3.21525
-0.66354 1.50488 3.22224
-0.65725 1.50279 3.22917
-0.650961 1.50072 3.23604
-0.644671 1.49866 3.24286
-0.638382 1.49662 3.24963
-0.632092 1.4946 3.25633
-0.625803 1.49259 3.26298
-0.619513 1.49061 3.26957
-0.613224 1.48864 3.2761
-0.606934 1.48668 3.28258
-0.600645 1.48475 3.289
-0.594355 1.48283 3.29535
-0.588066 1.48093 3.30165
-0.581776 1.47905 3.30789
-0.575487 1.47718 3.31407
-0.569197 1.47534 3.3202
-0.562908 1.47351 3.32626
-0.556619 1.4717 3.33226
-0.550329 1.46991 3.3382
-0.54404 1.46813 3.34408
-0.53775 1.46638 3.3499
-0.531461 1.46464 3.35566
-0.525171 1.46292 3.36136
-0.518882 1.46122 3.367
-0.512592 1.45954 3.37257
-0.506303 1.45787 3.37808
-0.500013 1.45623 3.38353
-0.493724 1.4546 3.38892
-0.487434 1.453 3.39425
-0.481145 1.45141 3.39951
-0.474855 1.44984 3.40471
-0.468566 1.44829 3.40985
-0.462276 1.44676 3.41492
-0.455987 1.44524 3.41993
-0.449697 1.44375 3.42488
-0.443408 1.44228 3.42976
-0.437118 1.44082 3.43458
-0.430829 1.43939 3.43933
-0.42454 1.43797 3.44402
-0.41825 1.43658 3.44865
-0.411961 1.4352 3.45321
-0.405671 1.43385 3.4577
-0.399382 1.43251 3.46213
-0.393092 1.43119 3.46649
-0.386803 1.42989 3.47079
-0.380513 1.42862 3.47502
-0.374224 1.42736 3.47919
-0.367934 1.42612 3.48329
-0.361645 1.4249 3.48732
-0.355355 1.42371 3.49129
-0.349066 1.42253 3.49519
-0.342776 1.42137 3.49902
-0.336487 1.42024 3.50279
-0.330197 1.41912 3.50649
-0.323908 1.41802 3.51012
-0.317618 1.41695 3.51369
-0.311329 1.41589 3.51718
-0.30504 1.41485 3.52061
-0.29875 1.41384 3.52398
-0.292461 1.41284 3.52727
-0.286171 1.41187 3.5305
-0.279882 1.41092 3.53365
-0.273592 1.40998 3.53674
-0.267303 1.40907 3.53976
-0.261013 1.40818 3.54272
-0.254724 1.40731 3.5456
-0.248434 1.40646 3.54841
-0.242145 1.40563 3.55116
-0.235855 1.40482 3.55384
-0.229566 1.40404 3.55644
-0.223276 1.40327 3.55898
-0.216987 1.40252 3.56145
-0.210697 1.4018 3.56385
-0.204408 1.4011 3.56618
-0.198118 1.40041 3.56844
-0.191829 1.39975 3.57063
-0.18554 1.39911 3.57275
-0.17925 1.39849 3.57481
-0.172961 1.39789 3.57679
-0.166671 1.39732 3.5787
-0.160382 1.39676 3.58054
-0.154092 1.39623 3.58231
-0.147803 1.39571 3.58401
-0.141513 1.39522 3.58564
-0.135224 1.39475 3.5872
-0.128934 1.3943 3.58869
-0.122645 1.39387 3.59011
-0.116355 1.39346 3.59146
-0.110066 1.39308 3.59273
-0.103776 1.39271 3.59394
-0.0974869 1.39237 3.59508
-0.0911974 1.39205 3.59614
-0.0849079 1.39175 3.59714
-0.0786184 1.39147 3.59806
-0.072329 1.39121 3.59891
-0.0660395 1.39098 3.59969
-0.05975 1.39076 3.6004
-0.0534605 1.39057 3.60104
-0.0471711 1.3904 3.60161
-0.0408816 1.39025 3.60211
-0.0345921 1.39012 3.60254
-0.0283026 1.39001 3.60289
-0.0220132 1.38992 3.60318
-0.0157237 1.38986 3.60339
-0.00943421 1.38982 3.60353
-0.00314474 1.3898 3.6036
0.00314474 1.3898 3.6036
0.00943421 1.38982 3.60353
0.0157237 1.38986 3.60339
0.0220132 1.38992 3.60318
0.0283026 1.39001 3.60289
0.0345921 1.39012 3.60254
0.0408816 1.39025 3.60211
0.0471711 1.3904 3.60161
0.0534605 1.39057 3.60104
0.05975 1.39076 3.6004
0.0660395 1.39098 3.59969
0.072329 1.39121 3.59891
0.0786184 1.39147 3.59806
0.0849079 1.39175 3.59714
0.0911974 1.39205 3.59614
0.0974869 1.39237 3.59508
0.103776 1.39271 3.59394
0.110066 1.39308 3.59273
0.116355 1.39346 3.59146
0.122645 1.39387 3.59011
0.128934 1.3943 3.58869
0.135224 1.39475 3.5872
0.141513 1.39522 3.58564
0.147803 1.39571 3.58401
0.154092 1.39623 3.58231
0.160382 1.39676 3.58054
0.166671 1.39732 3.5787
0.172961 1.39789 3.57679
0.17925 1.39849 3.57481
0.18554 1.39911 3.57275
0.191829 1.39975 3.57063
0.198118 1.40041 3.56844
0.204408 1.4011 3.56618
0.210697 1.4018 3.56385
0.216987 1.40252 3.56145
0.223276 1.40327 3.55898
0.229566 1.40404 3.55644
0.235855 1.40482 3.55384
0.242145 1.40563 3.55116
0.248434 1.40646 3.54841
0.254724 1.40731 3.5456
0.261013 1.40818 3.54272
0.267303 1.40907 3.53976
0.273592 1.40998 3.53674
0.279882 1.41092 3.53365
0.286171 1.41187 3.5305
0.292461 1.41284 3.52727
0.29875 1.41384 3.52398
0.30504 1.41485 3.52061
0.311329 1.41589 3.51718
0.317618 1.41695 3.51369
0.323908 1.41802 3.51012
0.330197 1.41912 3.50649
0.336487 1.42024 3.50279
0.342776 1.42137 3.49902
0.349066 1.42253 3.49519
0.355355 1.42371 3.49129
0.361645 1.4249 3.48732
0.367934 1.42612 3.48329
0.374224 1.42736 3.47919
0.380513 1.42862 3.47502
0.386803 1.42989 3.47079
0.393092 1.43119 3.46649
0.399382 1.43251 3.46213
0.405671 1.43385 3.4577
0.411961 1.4352 3.45321
0.41825 1.43658 3.44865
0.42454 1.43797 3.44402
0.430829 1.43939 3.43933
0.437118 1.44082 3.43458
0.443408 1.44228 3.42976
0.449697 1.44375 3.42488
0.455987 1.44524 3.41993
0.462276 1.44676 3.41492
0.468566 1.44829 3.40985
0.474855 1.44984 3.40471
0.481145 1.45141 3.39951
0.487434 1.453 3.39425
0.493724 1.4546 3.38892
0.500013 1.45623 3.38353
0.506303 1.45787 3.37808
0.512592 1.45954 3.37257
0.518882 1.46122 3.367
0.525171 1.46292 3.36136
0.531461 1.46464 3.35566
0.53775 1.46638 3.3499
0.54404 1.46813 3.34408
0.550329 1.46991 3.3382
0.556619 1.4717 3.33226
0.562908 1.47351 3.32626
0.569197 1.47534 3.3202
0.575487 1.47718 3.31407
0.581776 1.47905 3.30789
0.588066 1.48093 3.30165
0.594355 1.48283 3.29535
0.600645 1.48475 3.289
0.606934 1.48668 3.28258
0.613224 1.48864 3.2761
0.619513 1.49061 3.26957
0.625803 1.49259 3.26298
0.632092 1.4946 3.25633
0.638382 1.49662 3.24963
0.644671 1.49866 3.24286
0.650961 1.50072 3.23604
0.65725 1.50279 3.22917
0.66354 1.50488 3.22224
0.669829 1.50698 3.21525
0.676119 1.50911 3.20821
0.682408 1.51125 3.20111
0.688697 1.5134 3.19395
0.694987 1.51558 3.18675
0.701276 1.51777 3.17948
0.707566 1.51997 3.17217
0.713855 1.52219 3.1648
0.720145 1.52443 3.15737
0.726434 1.52668 3.14989
0.732724 1.52895 3.14236
0.739013 1.53124 3.13478
0.745303 1.53354 3.12715
0.751592 1.53585 3.11946
0.757882 1.53818 3.11172
0.764171 1.54053 3.10393
0.770461 1.54289 3.09609
0.77675 1.54527 3.0882
0.78304 1.54766 3.08025
0.789329 1.55007 3.07226
0.795619 1.55249 3.06422
0.801908 1.55492 3.05613
0.808198 1.55738 3.04799
0.814487 1.55984 3.0398
0.820776 1.56232 3.03156
0.827066 1.56481 3.02327
0.833355 1.56732 3.01494
0.839645 1.56984 3.00656
0.845934 1.57238 2.99813
0.852224 1.57493 2.98965
0.858513 1.57749 2.98113
0.864803 1.58007 2.97257
0.871092 1.58266 2.96395
0.877382 1.58527 2.95529
0.883671 1.58788 2.94659
0.889961 1.59051 2.93784
0.89625 1.59316 2.92905
0.90254 1.59581 2.92021
0.908829 1.59848 2.91133
0.915119 1.60116 2.90241
0.921408 1.60386 2.89345
0.927698 1.60656 2.88444
0.933987 1.60928 2.87539
0.940276 1.61201 2.8663
0.946566 1.61475 2.85716
0.952855 1.61751 2.84799
0.959145 1.62028 2.83878
0.965434 1.62305 2.82952
0.971724 1.62584 2.82023
0.978013 1.62864 2.8109
0.984303 1.63145 2.80152
0.990592 1.63428 2.79211
0.996882 1.63711 2.78267
1.00317 1.63995 2.77318
1.00946 1.64281 2.76366
1.01575 1.64567 2.7541
1.02204 1.64855 2.7445
1.02833 1.65143 2.73487
1.03462 1.65433 2.7252
1.04091 1.65723 2.7155
1.0472 1.66015 2.70576
1.05349 1.66307 2.69599
1.05978 1.666 2.68618
1.06607 1.66894 2.67634
1.07236 1.6719 2.66647
1.07864 1.67485 2.65657
1.08493 1.67782 2.64663
1.09122 1.6808 2.63666
1.09751 1.68378 2.62666
1.1038 1.68678 2.61664
1.11009 1.68978 2.60658
1.11638 1.69278 2.59649
1.12267 1.6958 2.58637
1.12896 1.69882 2.57622
1.13525 1.70185 2.56605
1.14154 1.70488 2.55585
1.14783 1.70792 2.54562
1.15412 1.71097 2.53536
1.16041 1.71402 2.52508
1.1667 1.71708 2.51478
1.17299 1.72015 2.50445
1.17928 1.72321 2.49409
1.18557 1.72629 2.48371
1.19186 1.72936 2.47331
1.19814 1.73244 2.46289
1.20443 1.73553 2.45244
1.21072 1.73862 2.44198
1.21701 1.74171 2.43149
1.2233 1.7448 2.42099
1.22959 1.74789 2.41046
1.23588 1.75099 2.39992
1.24217 1.75409 2.38936
1.24846 1.75718 2.37878
1.25475 1.76028 2.36819
1.26104 1.76337 2.35759
1.26733 1.76647 2.34697
1.27362 1.76956 2.33634
1.27991 1.77265 2.3257
1.2862 1.77573 2.31504
1.29249 1.77881 2.30438
1.29878 1.78188 2.29371
1.30507 1.78495 2.28304
1.31136 1.788 2.27236
1.31764 1.79105 2.26168
1.32393 1.79408 2.251
1.33022 1.7971 2.24031
1.33651 1.80011 2.22964
1.3428 1.8031 2.21897
1.34909 1.80607 2.2083
1.35538 1.80901 2.19765
1.36167 1.81193 2.18701
1.36796 1.81482 2.1764
1.37425 1.81768 2.1658
1.38054 1.8205 2.15524
1.38683 1.82327 2.14471
1.39312 1.826 2.13422
1.39941 1.82866 2.12378
1.4057 1.83126 2.1134
1.41199 1.83379 2.10309
1.41828 1.83622 2.09286
1.42457 1.83855 2.08272
1.43086 1.84076 2.0727
1.43714 1.84282 2.06282
1.44343 1.84472 2.0531
1.44972 1.84641 2.04357
1.45601 1.84787 2.03427
1.4623 1.84906 2.02524
1.46859 1.8499 2.01654
1.47488 1.85036 2.00823
1.48117 1.85035 2.00038
1.48746 1.8498 1.99307
1.49375 1.84864 1.98637
1.50004 1.84677 1.98036
1.50633 1.84413 1.97512
1.51262 1.84068 1.97069
1.51891 1.8364 1.96709
1.5252 1.8313 1.96431
1.53149 1.82542 1.9623
1.53778 1.81883 1.96101
1.54407 1.81159 1.96036
1.55036 1.8038 1.96026
1.55665 1.79552 1.96065
1.56293 1.78683 1.96144
1.56922 1.7778 1.96258
1.57551 1.76847 1.96401
1.5818 1.7589 1.96569
1.58809 1.74912 1.96757
1.59438 1.73917 1.96964
1.60067 1.72907 1.97185
1.60696 1.71884 1.97419
1.61325 1.7085 1.97664
1.61954 1.69807 1.97919
1.62583 1.68756 1.98182
1.63212 1.67698 1.98452
1.63841 1.66634 1.98728
1.6447 1.65565 1.99009
1.65099 1.64492 1.99295
1.65728 1.63415 1.99586
1.66357 1.62334 1.9988
1.66986 1.61251 2.00178
1.67615 1.60166 2.00478
1.68243 1.59078 2.00781
1.68872 1.57989 2.01086
1.69501 1.56898 2.01393
1.7013 1.55806 2.01702
1.70759 1.54713 2.02013
1.71388 1.53619 2.02325
1.72017 1.52525 2.02639
1.72646 1.5143 2.02953
1.73275 1.50335 2.03269
1.73904 1.4924 2.03585
1.74533 1.48145 2.03902
1.75162 1.4705 2.0422
1.75791 1.45956 2.04539
1.7642 1.44862 2.04858
1.77049 1.43768 2.05177
1.77678 1.42676 2.05497
1.78307 1.41583 2.05817
1.78936 1.40492 2.06137
1.79565 1.39402 2.06458
1.80193 1.38312 2.06778
1.80822 1.37224 2.07099
1.81451 1.36136 2.07419
1.8208 1.3505 2.0774
1.82709 1.33966 2.08061
1.83338 1.32882 2.08381
1.83967 1.318 2.08701
1.84596 1.3072 2.09022
1.85225 1.29641 2.09341
1.85854 1.28564 2.09661
1.86483 1.27488 2.09981
1.87112 1.26414 2.103
1.87741 1.25342 2.10618
1.8837 1.24272 2.10937
1.88999 1.23204 2.11255
1.89628 1.22138 2.11572
1.90257 1.21074 2.11889
1.90886 1.20011 2.12206
1.91515 1.18951 2.12522
1.92143 1.17894 2.12838
1.92772 1.16838 2.13153
1.93401 1.15785 2.13468
1.9403 1.14734 2.13782
1.94659 1.13685 2.14095
1.95288 1.12639 2.14408
1.95917 1.11596 2.1472
1.96546 1.10555 2.15031
1.97175 1.09516 2.15342
1.97804 1.0848 2.15652
1.98433 1.07447 2.15962
1.99062 1.06417 2.1627
1.99691 1.05389 2.16578
2.0032 1.04364 2.16885
2.00949 1.03342 2.17192
2.01578 1.02323 2.17497
2.02207 1.01307 2.17802
2.02836 1.00294 2.18106
2.03465 0.992837 2.18409
2.04093 0.982767 2.18711
2.04722 0.972728 2.19012
2.05351 0.962721 2.19313
2.0598 0.952747 2.19612
2.06609 0.942804 2.19911
2.07238 0.932895 2.20209
2.07867 0.923019 2.20505
2.08496 0.913178 2.20801
2.09125 0.90337 2.21096
2.09754 0.893597 2.21389
2.10383 0.883859 2.21682
2.11012 0.874157 2.21974
2.11641 0.86449 2.22264
2.1227 0.85486 2.22554
2.12899 0.845266 2.22842
2.13528 0.83571 2.2313
2.14157 0.826191 2.23416
2.14786 0.81671 2.23701
2.15415 0.807268 2.23986
2.16043 0.797864 2.24269
2.16672 0.788499 2.2455
2.17301 0.779173 2.24831
2.1793 0.769887 2.25111
2.18559 0.760642 2.25389
2.19188 0.751437 2.25666
2.19817 0.742273 2.25942
2.20446 0.733151 2.26217
2.21075 0.72407 2.2649
2.21704 0.715031 2.26762
2.22333 0.706035 2.27033
2.22962 0.697082 2.27303
2.23591 0.688172 2.27571
2.2422 0.679305 2.27838
2.24849 0.670482 2.28104
2.25478 0.661704 2.28369
2.26107 0.65297 2.28632
2.26736 0.644281 2.28894
2.27365 0.635638 2.29154
2.27993 0.62704 2.29413
2.28622 0.618488 2.29671
2.29251 0.609983 2.29927
2.2988 0.601525 2.30182
2.30509 0.593113 2.30436
2.31138 0.584749 2.30688
2.31767 0.576433 2.30939
2.32396 0.568165 2.31188
2.33025 0.559945 2.31436
2.33654 0.551774 2.31682
2.34283 0.543652 2.31927
2.34912 0.535579 2.32171
2.35541 0.527557 2.32413
2.3617 0.519584 2.32653
2.36799 0.511661 2.32892
2.37428 0.50379 2.3313
2.38057 0.495969 2.33365
2.38686 0.4882 2.336
2.39315 0.480482 2.33833
2.39943 0.472817 2.34064
2.40572 0.465203 2.34294
2.41201 0.457642 2.34522
2.4183 0.450134 2.34748
2.42459 0.44268 2.34973
2.43088 0.435278 2.35196
2.43717 0.427931 2.35418
2.44346 0.420637 2.35638
2.44975 0.413398 2.35857
2.45604 0.406214 2.36073
2.46233 0.399084 2.36289
2.46862 0.39201 2.36502
2.47491 0.384991 2.36714
2.4812 0.378028 2.36924
2.48749 0.371121 2.37132
2.49378 0.364271 2.37339
2.50007 0.357477 2.37544
2.50636 0.35074 2.37748
2.51265 0.34406 2.37949
2.51893 0.337437 2.38149
2.52522 0.330872 2.38347
2.53151 0.324366 2.38544
2.5378 0.317917 2.38738
2.54409 0.311527 2.38931
2.55038 0.305195 2.39123
2.55667 0.298923 2.39312
2.56296 0.29271 2.39499
2.56925 0.286556 2.39685
2.57554 0.280462 2.39869
2.58183 0.274428 2.40051
2.58812 0.268454 2.40232
2.59441 0.262541 2.4041
2.6007 0.256688 2.40587
2.60699 0.250896 2.40762
2.61328 0.245165 2.40935
2.61957 0.239496 2.41106
2.62586 0.233889 2.41275
2.63215 0.228343 2.41443
2.63843 0.222859 2.41609
2.64472 0.217437 2.41772
2.65101 0.212078 2.41934
2.6573 0.206782 2.42094
2.66359 0.201549 2.42252
2.66988 0.196378 2.42408
2.67617 0.191271 2.42562
2.68246 0.186228 2.42715
2.68875 0.181248 2.42865
2.69504 0.176332 2.43014
2.70133 0.17148 2.4316
2.70762 0.166693 2.43305
2.71391 0.16197 2.43447
2.7202 0.157312 2.43588
2.72649 0.152719 2.43727
2.73278 0.14819 2.43864
2.73907 0.143727 2.43998
2.74536 0.13933 2.44131
2.75165 0.134998 2.44262
2.75793 0.130732 2.44391
2.76422 0.126531 2.44518
2.77051 0.122397 2.44643
2.7768 0.118329 2.44766
2.78309 0.114328 2.44886
2.78938 0.110393 2.45005
2.79567 0.106525 2.45122
2.80196 0.102724 2.45237
2.80825 0.0989894 2.4535
2.81454 0.0953224 2.45461
2.82083 0.0917228 2.45569
2.82712 0.0881906 2.45676
2.83341 0.0847261 2.45781
2.8397 0.0813294 2.45883
2.84599 0.0780005 2.45984
2.85228 0.0747397 2.46082
2.85857 0.0715471 2.46179
2.86486 0.0684228 2.46273
2.87115 0.0653669 2.46366
2.87743 0.0623795 2.46456
2.88372 0.0594608 2.46544
2.89001 0.0566108 2.4663
2.8963 0.0538298 2.46714
2.90259 0.0511177 2.46796
2.90888 0.0484748 2.46876
2.91517 0.045901 2.46954
2.92146 0.0433966 2.47029
2.92775 0.0409616 2.47103
2.93404 0.0385961 2.47174
2.94033 0.0363002 2.47244
2.94662 0.034074 2.47311
2.95291 0.0319176 2.47376
2.9592 0.0298311 2.47439
2.96549 0.0278145 2.475
2.97178 0.0258679 2.47559
2.97807 0.0239915 2.47616
2.98436 0.0221852 2.4767
2.99065 0.0204492 2.47723
2.99693 0.0187835 2.47773
3.00322 0.0171883 2.47821
3.00951 0.0156634 2.47867
3.0158 0.0142091 2.47911
3.02209 0.0128254 2.47953
3.02838 0.0115123 2.47993
3.03467 0.0102699 2.4803
3.04096 0.00909819 2.48066
3.04725 0.00799727 2.48099
3.05354 0.00696718 2.4813
3.05983 0.00600796 2.48159
3.06612 0.00511963 2.48186
3.07241 0.00430224 2.4821
3.0787 0.00355582 2.48233
3.08499 0.00288039 2.48253
3.09128 0.00227599 2.48272
3.09757 0.00174264 2.48288
3.10386 0.00128037 2.48302
3.11015 0.000889175 2.48314
3.11643 0.000569089 2.48323
3.12272 0.00032012 2.48331
3.12901 0.000142278 2.48336
3.1353 3.55698e-05 2.48339
3.14159 0 2.4834
